  W O	dBZ    R   G   B   RO  GO  BO   MR  MG 	MB  Olomuoto   Voimakkuus

1 1 1  -6.0   10 155 225   10 155 225  128 128 130  Lumisade   heikko
2 0 1   0.0    5 205 170    5 205 170   49  51  81                       
3 0 1   8.0  140 230  20  140 230  20   32  33  88        
4 2 1  12.0  240 240  20  240 240  20    0   0   0             kohtalainen
5 0 1  18.0  255 205  20  255 205  20    0   0   0
6 3 1  24.0  255 150  50  255 150  50    0   0   0             sakea
7 0 1  30.0  255  80  60  255  80  60    0   0   0
8 4 1  40.0  250 120 255  250 120 255    0   0   0             hyvin sakea

1 1 2   0.0   10 155 225   10 155 225  224 161 224  Räntäsad   heikko
2 0 2   8.0    5 205 170    5 205 170  149  79 152                      
3 0 2  12.0  140 230  20  140 230  20   32  33  88   
4 2 2  18.0  240 240  20  240 240  20    0   0   0             kohtalainen
5 0 2  24.0  255 205  20  255 205  20    0   0   0
6 3 2  30.0  255 150  50  255 150  50    0   0   0             kova
7 0 2  34.0  255  80  60  255  80  60    0   0   0
8 4 2  40.0  250 120 255  250 120 255    0   0   0

1 1 3  -6.0   10 155 225   10 155 225  128 128 130  Lumisade   heikko
2 0 3   0.0    5 205 170    5 205 170   49  51  81                       
3 0 3   8.0  140 230  20  140 230  20   32  33  88        
4 2 3  12.0  240 240  20  240 240  20    0   0   0             kohtalainen
5 0 3  18.0  255 205  20  255 205  20    0   0   0
6 3 3  24.0  255 150  50  255 150  50    0   0   0             sakea
7 0 3  30.0  255  80  60  255  80  60    0   0   0
8 4 3  40.0  250 120 255  250 120 255    0   0   0             hyvin sakea
